PCIe Link Speed [GT/s]
60
60
60
60
30
30
30
59
59
59
59
58
59
56
58
30
30
30
30
30
21
30
30
30
30
30
25
30
30
30
16
30
24
30
30
30
30
30
11
30
0
1
0
24
14
19
19
19
18
18
19
19
19
19
19
19
18
19
6
17
1
8
15
14
14
14
15
14
12
16
15
17
15
12
12
12
15
14
13
13
12
12
14
14
15
17
19
15
14
15
14
14
15
15
12
14
13
15
16
16
16
17
13
13
16
16
16
16
14
14
16
16
16
16
17
13
12
15
16
16
17
12
12
15
14
14
18
14
12
14
14
15
13
11
15
15
15
15
8
17
16
16
16
19
18
18
17
16
15
17
19
19
18
16
16
18
19
19
19
18
17
17
18
18
16
16
15
17
17
18
20
21
20
23
19
25
26
17
17
16
18
19
19
18
16
17
18
16
16
17
16
15
13
21
23
19
14
16
14
14
16
17
16
16
16
14
14
17
18
21
23
27
21
24
22
22
23
22
20
20
23
21
21
23
20
19
20
20
22
22
22
21
22
20
20
23
21
21
25
23
22
22
25
24
26
24
23
22
21
24
24
22
23
26
19
20
20
22
23
23
23
24
22
22
24
24
24
24
30
29
27
30
29
30
29
24
20
21
23
22
25
25
23
17
17
22
19
22
22
22
12
12
14
12
12
10
15
17
17
19
21
24
25
29
28
35
36
36
34
31
31
31
28
29
28
30
31
31
31
PCIe Link Speed [GT/s]
RTSS
