PCIe Link Speed [GT/s]










60
59
60
240
62
21
62
61
62
62
62
62
60
60
59
43
59
59
59
59
59
56
59
59
59
59
60
60
60
60
15
60
60
60
60
59
60
60
60
60
60
60
59
60
57
41
60
60
60
60
60
60
60
60
60
60
2
20
8
16
12
15
15
15
15
15
15
15
15
15
15
15
15
15
15
15
15
15
15
6
17
18
11
10
12
11
8
12
9
9
10
12
9
10
11
9
9
9
9
9
9
10
11
11
11
8
9
8
9
10
12
34
33
30
16
16
14
9
9
9
9
8
7
8
7
7
8
8
8
8
7
7
7
8
9
7
7
8
7
7
8
9
7
7
8
6
10
14
11
10
9
9
9
10
9
8
9
8
11
9
15
14
14
16
18
17
18
16
15
17
14
13
15
16
16
15
16
14
15
16
17
17
17
15
15
16
19
17
17
19
20
17
18
19
20
19
23
25
19
17
17
17
20
21
24
25
24
22
23
24
26
26
23
21
24
22
22
25
25
24
26
26
25
32
32
25
26
28
27
28
28
28
31
29
26
15
22
22
21
20
20
PCIe Link Speed [GT/s]
RTSS
