PCIe Link Speed [GT/s]
0
0
0
0
0
0
0
0
0
0
0
0
0
0
0
0
57
57
58
56
9
55
55
60
59
50
42
56
56
34
44
59
36
30
59
57
45
56
59
54
50
60
47
4
59
56
58
54
54
46
54
1
1
30
41
40
35
20
59
57
58
58
48
59
60
59
60
59
59
58
59
45
59
59
57
55
36
60
25
13
21
9
10
9
9
9
13
8
7
7
7
4
4
5
4
8
7
8
7
7
5
5
3
6
7
7
6
7
4
3
7
7
6
6
6
6
4
4
7
7
7
7
7
6
5
4
4
7
6
7
7
7
4
3
4
8
8
7
7
8
4
16
14
12
8
11
12
13
13
8
13
12
15
10
12
12
15
16
15
15
17
17
15
14
14
15
18
20
19
20
20
24
23
24
24
21
17
15
12
17
8
19
21
21
22
21
20
7
23
17
19
18
23
20
23
28
25
26
27
26
26
24
24
24
PCIe Link Speed [GT/s]
RTSS
