PCIe Link Speed [GT/s]
0
0
31
32
33
33
33
35
33
31
31
30
33
33
36
35
36
38
28
31
31
34
31
26
35
34
37
40
39
42
41
41
41
40
32
32
38
39
40
41
32
38
36
37
34
36
32
33
32
30
28
28
28
28
28
28
39
39
39
39
39
39
39
39
39
40
40
37
38
38
39
37
37
36
38
40
39
42
41
40
41
41
41
41
40
42
42
41
31
40
38
44
41
42
31
33
35
32
31
33
33
33
32
31
33
33
34
35
36
37
37
27
37
36
37
36
35
37
37
36
36
36
37
37
38
33
33
34
33
28
33
33
33
33
32
32
32
30
33
32
31
31
32
31
33
32
31
34
31
31
29
31
30
32
34
35
30
31
28
31
31
31
32
32
32
30
24
32
32
32
30
33
32
31
31
32
34
34
37
31
36
35
34
34
34
34
32
33
35
38
58
30
40
43
30
30
23
29
33
35
33
37
42
46
33
41
27
34
46
55
58
46
44
40
41
40
28
28
38
40
45
42
42
45
43
44
44
32
43
32
27
43
29
35
39
39
43
43
42
41
43
30
52
57
54
48
46
60
56
60
55
55
58
59
60
60
59
58
58
60
60
60
21
59
49
57
59
54
56
59
58
58
60
51
59
57
58
58
54
58
59
56
42
42
37
38
37
38
38
38
37
35
36
38
37
39
36
21
37
37
37
36
35
34
35
28
36
37
37
37
35
36
38
36
37
37
36
36
36
36
36
34
34
37
34
36
35
34
37
37
35
36
39
35
37
35
35
23
35
35
36
36
36
36
36
36
36
36
36
35
36
37
36
35
36
36
37
37
37
37
36
35
36
37
39
35
35
35
37
34
36
37
34
37
36
36
35
35
35
35
38
35
37
40
38
28
33
35
35
37
36
35
36
32
34
32
34
37
37
33
32
34
33
36
35
35
36
38
37
37
38
35
36
34
35
35
33
36
38
37
38
34
33
13
36
34
37
37
35
37
36
34
33
37
34
38
36
37
39
36
34
31
33
37
33
40
36
34
36
36
34
35
34
48
1
31
31
31
31
31
31
28
32
32
30
30
31
30
29
31
32
32
31
32
32
33
30
32
31
30
32
30
31
31
31
31
31
31
31
31
31
33
31
32
32
32
31
32
31
34
34
32
32
32
33
32
31
26
28
28
28
28
28
28
28
28
28
PCIe Link Speed [GT/s]
RTSS
