PCIe Link Speed [GT/s]

















































60
0
0
50
50
50
47
46
51
50
40
40
40
43
43
38
39
40
42
41
39
41
37
39
39
43
42
41
36
40
41
41
39
41
43
37
39
39
41
41
42
42
42
42
40
44
46
46
43
47
47
47
44
47
37
44
45
45
52
58
50
45
45
39
39
47
20
55
59
60
50
31
32
34
34
31
37
41
40
48
51
30
27
32
34
59
28
31
38
35
35
33
37
35
37
39
36
35
39
42
28
31
36
36
39
40
36
35
35
40
17
18
42
39
58
55
55
54
44
60
37
59
60
60
60
60
60
59
60
60
57
55
55
59
58
60
59
58
60
59
59
60
60
60
60
60
60
60
60
60
60
60
60
60
60
60
60
49
50
48
0
0
0
0
0
PCIe Link Speed [GT/s]
RTSS
