PCIe Link Speed [GT/s]




















































































57
60
60
60
58
60
58
59
58
57
59
59
60
58
35
58
42
42
42
42
43
44
42
42
42
43
42
42
42
41
42
42
43
44
45
45
44
45
43
42
42
43
44
41
43
43
43
28
43
42
42
42
43
42
42
41
42
60
59
45
44
32
47
47
38
47
43
42
45
39
59
58
58
58
59
59
59
41
33
34
43
41
57
57
53
36
34
42
39
44
44
56
39
39
51
58
40
54
51
51
51
46
26
44
54
35
43
51
45
51
49
37
60
59
60
56
59
60
59
57
60
60
60
60
60
40
60
60
60
60
60
60
60
60
60
60
57
60
60
58
59
59
60
60
60
60
60
60
60
60
60
60
60
60
60
60
60
59
60
60
60
60
45
49
6
6
6
6
PCIe Link Speed [GT/s]
RTSS
