Performance Limit - Reliability Voltage [Yes/No]
2
2
1
8
60
0
60
54
60
60
60
60
60
19
17
19
16
60
60
60
60
60
19
18
20
14
60
60
59
60
60
58
60
60
60
60
60
60
60
60
60
60
60
60
60
30
60
59
60
59
60
60
60
60
46
59
60
60
60
60
60
60
60
20
57
60
60
60
60
60
60
60
60
60
60
60
60
55
60
56
60
32
60
60
60
19
60
60
60
60
60
60
47
60
60
60
60
59
60
53
60
60
55
47
60
60
60
60
60
60
60
60
60
60
60
60
60
59
60
60
60
60
60
60
60
60
60
60
60
60
60
60
60
60
60
60
60
60
60
60
60
60
60
60
60
60
60
60
60
57
60
60
60
59
60
60
60
60
60
60
60
49
60
60
60
60
60
60
60
60
60
60
60
60
60
60
60
60
60
60
60
60
60
60
60
60
55
60
60
60
60
60
60
60
60
60
60
60
60
59
60
60
59
60
60
60
60
60
60
60
60
0
Performance Limit - Reliability Voltage [Yes/No]
RTSS
