Performance Limit - Reliability Voltage [Yes/No]
0
0
0
0
0
19
20
15
5
5
5
5
0
2
30
60
60
60
52
60
42
60
58
60
60
48
60
60
57
60
49
56
58
60
59
24
20
17
20
16
18
20
19
19
0
0
0
0
0
0
52
60
51
60
53
6
28
32
32
32
5
20
56
30
51
34
34
36
25
31
31
12
25
24
28
31
29
33
35
24
30
31
38
22
43
34
32
22
29
24
33
29
35
39
27
32
20
33
23
30
30
23
25
31
35
41
31
31
30
32
32
36
18
25
32
26
26
26
15
31
18
18
31
14
29
30
40
32
25
21
25
18
24
27
30
25
26
18
15
14
Performance Limit - Reliability Voltage [Yes/No]
RTSS
