Performance Limit - Reliability Voltage [Yes/No]
27
27
27
27
27
27
27
27
27
27
27
27
62
62
62
62
60
61
62
62
62
62
62
33
33
2
62
62
61
62
62
62
27
62
22
27
27
27
26
60
57
60
61
62
62
60
62
62
62
62
62
62
62
62
62
62
62
61
62
62
62
62
62
62
62
61
62
62
62
59
62
62
37
98
112
111
111
111
109
114
98
91
91
91
91
92
100
91
95
90
94
93
92
86
93
90
90
92
95
94
96
89
88
88
92
91
98
95
96
97
96
96
102
101
102
110
106
107
105
97
97
112
108
99
99
100
101
103
112
88
101
100
101
107
104
101
82
90
83
81
81
90
92
91
92
97
98
84
93
102
96
98
101
93
78
98
101
102
95
60
88
124
100
93
113
106
104
107
92
87
81
84
96
71
67
65
88
96
90
79
103
65
107
84
105
84
107
102
106
112
109
108
105
113
111
104
111
97
84
84
90
93
78
93
87
85
102
97
100
97
115
91
103
102
103
90
101
105
93
103
96
94
89
90
97
121
117
101
118
127
101
92
85
94
104
103
101
116
123
100
104
105
92
96
95
86
96
77
82
75
84
77
81
87
87
89
86
97
93
85
93
90
109
99
93
85
53
113
102
69
77
87
112
115
119
103
90
102
115
101
110
101
99
90
95
100
95
93
89
89
86
86
81
86
89
87
59
110
108
88
92
98
113
119
85
64
123
118
117
96
118
135
115
126
140
128
129
137
130
106
131
130
134
131
123
118
106
139
125
114
112
133
126
121
111
105
121
109
117
103
106
109
115
88
99
89
90
97
117
110
106
100
107
103
92
81
80
86
84
95
112
105
105
105
99
100
101
101
113
109
116
118
115
109
101
99
102
103
107
114
116
105
109
129
126
134
133
136
128
135
112
98
112
100
88
96
97
93
95
127
67
65
67
70
76
73
140
122
79
78
78
76
79
101
131
121
111
113
105
107
117
122
107
105
95
90
91
74
73
58
56
61
64
60
78
81
88
95
89
91
105
99
108
107
63
67
72
89
78
75
77
68
65
67
98
108
94
113
113
131
82
97
75
90
82
85
83
94
97
100
80
82
95
82
85
76
84
94
120
93
77
80
92
94
105
103
106
84
89
73
91
107
106
109
111
102
109
81
97
100
103
84
85
106
112
86
86
123
118
124
98
115
87
87
90
86
86
73
81
76
78
74
84
81
81
76
78
83
92
89
98
89
89
73
77
84
100
95
93
98
121
113
128
118
116
114
129
130
99
87
75
80
80
88
80
102
58
55
63
90
103
90
58
56
87
87
65
77
93
120
85
72
84
85
96
96
100
107
106
96
91
117
114
95
111
96
98
89
132
117
102
108
104
86
101
102
98
100
105
115
119
109
103
44
42
59
63
63
98
106
100
86
89
115
112
157
142
132
127
125
140
70
73
79
71
77
81
85
111
73
73
106
69
67
77
61
67
92
67
96
88
72
98
69
72
90
72
64
106
88
76
94
59
104
104
105
92
77
94
88
89
90
67
91
75
102
89
104
117
107
109
68
67
71
96
117
115
115
107
119
125
118
123
119
123
117
123
123
118
115
119
121
125
126
111
106
128
74
71
132
122
108
123
134
135
86
71
93
134
128
133
108
132
143
141
135
113
129
134
128
110
49
92
91
90
129
137
94
95
122
93
104
96
99
93
92
92
86
86
90
88
91
90
92
84
85
87
93
92
105
116
123
87
90
90
82
100
91
92
92
110
118
114
121
110
115
91
77
77
72
74
72
68
69
72
79
80
125
119
131
173
140
132
70
79
75
76
77
76
75
75
75
75
76
78
72
84
83
80
68
73
74
103
125
132
129
75
66
83
92
93
93
91
85
118
131
130
131
74
96
73
71
103
113
119
120
113
128
94
49
50
72
70
69
71
72
87
99
92
95
97
89
86
82
91
96
107
118
102
93
101
104
106
110
27
27
Performance Limit - Reliability Voltage [Yes/No]
RTSS
