PCIe Link Speed [GT/s]
28
28
0
27
174
167
167
160
161
161
160
119
80
136
124
122
41
41
4
156
158
144
148
148
149
145
146
146
147
131
150
93
156
154
147
149
156
154
155
157
150
152
133
136
139
140
140
144
147
147
133
126
123
122
122
120
124
132
132
141
129
126
121
117
143
124
120
119
122
116
111
114
109
109
108
109
129
120
132
141
151
134
122
125
121
70
149
146
145
138
146
146
81
152
155
152
147
155
157
157
157
152
154
148
142
142
145
145
137
142
141
140
130
137
136
127
114
129
137
142
142
136
124
129
132
125
124
129
125
128
120
112
115
115
122
112
113
135
131
137
149
161
127
136
130
138
152
136
129
137
144
128
127
127
127
128
127
127
127
118
119
118
117
119
147
134
119
110
116
108
145
126
136
127
123
126
146
144
100
90
151
108
55
60
112
117
119
115
116
116
115
120
118
128
121
121
127
132
130
113
121
131
133
140
116
113
110
112
116
120
113
116
130
122
128
114
111
110
115
117
129
131
131
129
137
118
115
126
121
111
112
112
112
109
112
127
116
118
116
119
130
116
127
112
113
110
117
116
121
122
110
110
110
123
114
116
115
116
112
124
110
133
128
136
108
106
115
127
125
121
120
136
129
116
120
125
116
118
123
128
145
137
142
175
124
109
112
105
111
107
105
105
104
108
83
79
111
108
103
117
112
113
118
133
119
113
114
124
120
110
115
113
113
116
108
133
117
116
116
113
110
116
115
123
117
115
112
120
121
114
109
99
106
110
107
99
105
109
109
117
124
134
134
137
119
128
126
121
125
133
48
128
128
129
111
130
114
108
106
111
112
111
26
144
139
0
0
PCIe Link Speed [GT/s]
RTSS
