PCIe Link Speed [GT/s]


























4
31
30
29
29
27
26
97
156
167
161
161
16
69
75
92
93
103
124
126
117
117
117
117
117
117
117
117
117
117
117
1
1
8
121
145
147
148
149
148
141
153
30
27
30
110
118
145
138
121
118
129
129
124
122
162
117
121
118
120
122
120
121
87
115
154
94
88
89
92
96
92
105
51
51
65
67
67
67
61
78
94
109
130
125
111
115
117
117
113
120
120
120
120
120
116
120
125
125
115
112
108
111
108
109
106
117
113
127
131
144
124
126
116
134
128
149
130
122
127
120
137
159
149
151
154
152
140
126
116
114
149
110
136
141
80
70
100
102
123
128
133
133
133
133
133
133
133
129
127
133
136
137
127
128
122
126
127
140
143
135
121
143
132
114
113
114
115
121
120
120
114
51
74
112
108
139
123
112
118
119
116
111
111
110
123
123
112
110
123
111
111
114
113
109
113
118
125
120
130
117
125
136
118
112
114
121
117
121
143
115
111
121
118
115
128
117
109
107
107
118
130
131
110
119
118
125
136
146
121
144
132
120
125
118
117
118
165
152
140
143
118
122
123
119
109
116
108
108
107
107
122
119
132
162
111
107
113
116
116
121
125
109
109
125
123
113
131
109
109
109
126
125
123
115
133
128
112
121
114
115
115
119
118
125
112
111
105
114
110
101
102
112
109
111
35
103
133
57
65
43
124
126
126
PCIe Link Speed [GT/s]
RTSS
